30    2872211
31    2091944
32    1944829
33    1244523
34    756802
35    523571
36    383260
37    298877
38    347508
39    533024
40    472193
41    250579
42    167187
43    153913
44    131047
45    107922
46    102745
47    103650
48    120144
49    108740
50    118818
51    136116
52    156888
53    221297
54    157387
55    268618
56    295694
57    240722
58    293875
59    296942
60    371060
61    369055
62    335762
63    284550
64    342697
65    324716
66    395039
67    349942
68    378148
69    380966
70    364439
71    314875
72    352189
73    340967
74    378735
75    457264
76    367775
77    326317
78    278654
79    272183
80    384049
81    481906
82    483965
83    577627
84    705815
85    912364
86    478302
87    29328
88    70729
89    371150
94    49611606
