30    1672143
31    1172159
32    1089273
33    688651
34    408994
35    297678
36    218093
37    166018
38    178609
39    266782
40    242723
41    138432
42    95501
43    89912
44    73687
45    67463
46    64695
47    66122
48    79115
49    70330
50    77158
51    93778
52    107862
53    160912
54    103786
55    215301
56    244600
57    170495
58    208677
59    212133
60    280888
61    278435
62    250403
63    215426
64    241591
65    241170
66    297243
67    265478
68    279097
69    275055
70    272298
71    240335
72    263928
73    245169
74    264806
75    337940
76    259117
77    226760
78    194148
79    185014
80    257735
81    322481
82    319243
83    384254
84    484610
85    656502
86    400490
87    24744
88    73524
89    385187
94    45994006
